24
36
93
101
105
133
145
273
281
297
305
388
400
412
737
741
745
749
753
820
895
903
907
915
919
923
927
958
1009
1021
1136
1886
1921
1929
1933
1941
2093
2101
2105
2113
2235
2247
2278
2350
2358
2362
2370
2386
2390
2394
2398
2402
2406
2422
2430
2434
2442
2458
2466
2470
2478
2537
2541
2545
2549
2655
2659
2667
3468
3472
3476
3495
3507
3600
3604
3608
3612
3616
3620
3705
3709
3713
3717
3721
3725
3729
3733
3741
3745
3749
3753
3797
3835
3839
3994
4002
4006
4014
4026
4030
4038
4066
4070
4074
4078
4082
4090
4094
4102
4106
4114
4118
4126
4154
4158
4162
4166
4172
4176
4180
4184
4188
4192
4227
4231
4235
4239
4243
4248
4298
4304
4308
4312
4316
4320
4324
4328
4351
4601
4616
4620
4624
4628
4632
4636
4640
4644
4648
4660
4664
4878
4881
4886
4889
4892
4893
4894
4897
4900
4902
4905
4908
4910
4911
5116
