4926
4929
4931
4933
4934
4935
4936
4937
4938
4939
4944
4947
4953
4954
4956
4957
4958
4959
4960
4965
4967
4968
4970
4971
4973
4974
4976
4977
4979
4980
4982
4983
4984
4985
4986
4987
4989
4990
4992
4993
4995
4996
4998
4999
5000
5001
5002
5003
5005
5006
5008
5009
5011
5012
5014
5015
5016
5017
5018
5019
5021
5022
5024
5025
5027
5028
5030
5031
5032
5033
5034
5038
5041
5046
5047
5048
5049
5050
5051
5055
5058
5061
5062
5067
5068
5069
5070
5071
5072
5073
5074
5076
5077
5078
5079
5080
5081
5082
5083
5085
5086
5087
5088
5089
5090
5091
5092
5093
5094
5095
5096
5097
5098
5099
5103
5106
5119
5122
5123
5124
5125
5126
5128
5129
5130
5131
5132
5134
5135
5137
5138
5140
5144
5145
5146
5147
5148
5149
5150
5151
5152
5153
5154
5155
5284
5285
5286
5287
5288
5289
5290
5291
5305
5306
5307
5308
5309
5310
5311
5312
