23
35
92
100
104
132
144
280
296
304
387
399
411
736
740
744
748
752
819
894
902
906
914
918
922
926
957
1008
1020
1920
1928
1932
1940
2092
2100
2104
2112
2234
2246
2277
2349
2357
2361
2369
2385
2389
2393
2397
2401
2405
2421
2429
2433
2441
2457
2465
2469
2477
2536
2540
2544
2548
2654
2658
2666
3467
3471
3475
3494
3506
3599
3603
3607
3611
3615
3619
3704
3708
3712
3716
3720
3724
3728
3732
3740
3744
3748
3752
3796
3834
3838
3993
4001
4005
4013
4025
4029
4037
4065
4069
4073
4077
4081
4089
4093
4101
4105
4113
4117
4125
4153
4157
4161
4165
4171
4175
4179
4183
4187
4191
4226
4230
4234
4238
4242
4247
4297
4303
4307
4311
4315
4319
4323
4327
4350
4600
4615
4619
4623
4627
4631
4635
4639
4643
4647
4659
4663
