22
34
91
99
103
131
143
279
295
303
386
398
410
735
739
747
751
818
893
901
905
913
917
921
925
956
1007
1019
1137
1919
1927
1931
1939
2091
2099
2103
2111
2233
2245
2276
2348
2356
2360
2368
2384
2388
2392
2396
2400
2404
2420
2428
2432
2440
2456
2464
2468
2476
2535
2539
2543
2547
2653
2657
2665
3466
3470
3474
3493
3505
3598
3602
3606
3610
3614
3618
3703
3707
3711
3715
3719
3723
3727
3731
3739
3743
3747
3751
3795
3833
3837
3992
4000
4004
4012
4024
4028
4036
4064
4068
4072
4076
4080
4088
4092
4100
4104
4112
4116
4124
4152
4156
4160
4164
4170
4174
4178
4182
4186
4190
4225
4229
4233
4237
4241
4246
4296
4302
4306
4310
4314
4318
4322
4326
4349
4599
4614
4618
4622
4626
4630
4634
4638
4642
4646
4658
4662
