21
33
90
98
102
130
142
278
294
302
385
397
734
738
742
746
750
817
892
900
904
912
916
920
924
955
1006
1018
1918
1926
1930
1938
2090
2098
2102
2110
2232
2244
2275
2347
2355
2359
2367
2383
2387
2391
2395
2399
2403
2419
2427
2431
2439
2455
2463
2467
2475
2534
2538
2542
2546
2652
2656
2664
3465
3469
3473
3492
3504
3597
3601
3605
3609
3613
3617
3702
3706
3710
3714
3718
3722
3726
3730
3738
3742
3746
3750
3794
3832
3836
3991
3999
4003
4011
4023
4027
4035
4063
4067
4071
4075
4079
4087
4091
4099
4103
4111
4115
4123
4151
4155
4159
4163
4169
4173
4177
4181
4185
4189
4224
4228
4232
4236
4240
4245
4301
4305
4309
4313
4317
4321
4325
4348
4598
4613
4617
4621
4625
4629
4633
4637
4641
4645
4657
4661
4950
5084
5110
5113
5143
